image_width: 1288
image_height: 964
camera_name: narrow_stereo
camera_matrix:
  rows: 3
  cols: 3
  data: [752.891874, 0, 695.352898, 0, 751.874778, 500.637457, 0, 0, 1]
distortion_model: plumb_bob
distortion_coefficients:
  rows: 1
  cols: 5
  data: [-0.280725, 0.052098, 0.0008169999999999999, -0.004223999999999999, 0]
rectification_matrix:
  rows: 3
  cols: 3
  data: [1, 0, 0, 0, 1, 0, 0, 0, 1]
projection_matrix:
  rows: 3
  cols: 4
  data: [530.156555, 0, 721.039656, 0, 0, 644.270203, 509.028695, 0, 0, 0, 1, 0]