image_width: 640
image_height: 480
camera_name: head_camera
camera_matrix:
  rows: 3
  cols: 3
  data: [528.693149, 0, 306.826642, 0, 523.852160, 234.701940, 0, 0, 1]
distortion_model: plumb_bob
distortion_coefficients:
  rows: 1
  cols: 5
  data: [0.038856, -0.117231, -0.000082, 0.001487, 0]
rectification_matrix:
  rows: 3
  cols: 3
  data: [1, 0, 0, 0, 1, 0, 0, 0, 1]
projection_matrix:
  rows: 3
  cols: 4
  data: [527.061401, 0.0, 306.766992, 0.0, 0.0, 524.383545, 234.150960, 0, 0, 0, 1, 0]
